11
44
51
150
166
219
261
399
426
699
6188
6207
6263
6423
6433
6481
6539
6581
6726
6766
12696
12713
12732
12789
12907
13152
13184
13263
13277
13308
18635
18667
18690
18750
18818
18837
18850
18867
18898
18940
24759
24783
24801
24846
24924
24954
24985
25029
25080
25095
30649
30681
30737
30808
30858
30880
30920
30953
31005
31033
36093
36124
36148
36176
36215
36248
36586
36630
36662
36684
41979
42043
42084
42144
42154
42166
42313
42325
42357
42395
48225
48226
48292
48317
48324
48423
48477
48558
48616
48637
54088
54114
54136
54146
54188
54478
54519
54575
54598
54622